226,247,734,714,to
154,226,737,711,subject
39,156,738,710,Membership
290,404,733,711,Membership
404,466,732,710,Terms.
246,291,733,710,BJ's
505,543,728,708,BJs
466,506,730,707,See
540,638,728,708,com/terms.
142,157,706,690,is
96,140,709,686,card
264,311,709,683,your
157,240,710,682,intended
54,100,710,683,This
236,268,708,683,for
388,428,705,682,use
308,392,706,683,exclusive
464,479,699,683,is
423,465,705,678,and
480,516,702,678,not
511,625,702,674,transferable.
42,186,685,651,BRANDON
474,543,672,656,Member
179,209,681,654,A
205,346,682,651,JENNINGS
484,539,655,636,Circle
536,607,654,631,Primary
438,489,656,634,Inner
44,121,635,610,INNER
118,212,637,606,CIRCLE
461,618,627,603,Generously
403,461,629,603,Live
73,165,606,581,015-4-7
158,264,608,578,585-722
37,182,590,489,MOttioN
152,323,585,484,TNG
79,164,496,477,MEMBE
179,253,498,473,SINCE
264,310,401,378,your
191,268,398,374,Manage
437,484,398,375,com
378,407,397,376,on
307,381,399,377,account
404,444,398,374,BJs.
405,434,373,352,on
50,95,377,350,Your
428,473,374,351,your
343,410,374,349,printed
325,347,372,352,is
198,285,372,350,Expiration
90,200,375,350,Membership
553,622,373,347,receipt.
507,559,373,347,sales
467,513,374,347,BJ's
282,330,373,346,Date
